#Layer_Color=255
#
#Feature symbol names
#
$0 r6.6666
$1 r5
$2 r4

#
#Feature attribute names
#

#
#Layer features
#
A 2.325 0.365 2.325 0.365 2.305 0.365 0 P 0 N
A 2.325 2.065 2.325 2.065 2.305 2.065 0 P 0 N
A 3.125 0.365 3.125 0.365 3.105 0.365 0 P 0 N
A 3.125 2.065 3.125 2.065 3.105 2.065 0 P 0 N
A 3.422 1.6531496 3.422 1.6531496 3.41 1.6531496 2 P 0 N
A 3.422 2.0468504 3.422 2.0468504 3.41 2.0468504 2 P 0 N
A 3.43 1.6531496 3.43 1.6531496 3.41 1.6531496 0 P 0 N
A 3.43 2.0468504 3.43 2.0468504 3.41 2.0468504 0 P 0 N
A 3.482 0.6831496 3.482 0.6831496 3.47 0.6831496 2 P 0 N
A 3.482 1.0768504 3.482 1.0768504 3.47 1.0768504 2 P 0 N
A 3.49 0.6831496 3.49 0.6831496 3.47 0.6831496 0 P 0 N
A 3.49 1.0768504 3.49 1.0768504 3.47 1.0768504 0 P 0 N
A 3.6351496 0.74 3.6351496 0.74 3.6231496 0.74 2 P 0 N
A 3.6431496 0.74 3.6431496 0.74 3.6231496 0.74 0 P 0 N
A 3.8351496 2.05 3.8351496 2.05 3.8231496 2.05 2 P 0 N
A 3.8431496 2.05 3.8431496 2.05 3.8231496 2.05 0 P 0 N
A 4.0288504 0.74 4.0288504 0.74 4.0168504 0.74 2 P 0 N
A 4.0368504 0.74 4.0368504 0.74 4.0168504 0.74 0 P 0 N
A 4.2288504 2.05 4.2288504 2.05 4.2168504 2.05 2 P 0 N
A 4.2368504 2.05 4.2368504 2.05 4.2168504 2.05 0 P 0 N
L 0.2062992 0.9862992 0.2162992 0.9862992 1 P 0
L 0.2062992 0.9862992 0.2162992 0.9962992 1 P 0
L 0.2062992 1.0062992 0.2162992 0.9962992 1 P 0
L 0.2062992 1.0062992 0.2162992 1.0062992 1 P 0
L 0.2062992 1.7737008 0.2162992 1.7737008 1 P 0
L 0.2062992 1.7737008 0.2162992 1.7837008 1 P 0
L 0.2062992 1.7937008 0.2162992 1.7837008 1 P 0
L 0.2062992 1.7937008 0.2162992 1.7937008 1 P 0
L 0.2162992 0.9862992 0.2262992 0.9762992 1 P 0
L 0.2162992 1.0062992 0.2262992 1.0162992 1 P 0
L 0.2162992 1.7737008 0.2262992 1.7637008 1 P 0
L 0.2162992 1.7937008 0.2262992 1.8037008 1 P 0
L 0.2262992 0.9762992 0.2362992 0.9862992 1 P 0
L 0.2262992 1.0162992 0.2362992 1.0062992 1 P 0
L 0.2262992 1.7637008 0.2362992 1.7737008 1 P 0
L 0.2262992 1.8037008 0.2362992 1.7937008 1 P 0
L 0.2362992 0.9862992 0.2462992 0.9862992 1 P 0
L 0.2362992 0.9962992 0.2462992 0.9862992 1 P 0
L 0.2362992 0.9962992 0.2462992 1.0062992 1 P 0
L 0.2362992 1.0062992 0.2462992 1.0062992 1 P 0
L 0.2362992 1.7737008 0.2462992 1.7737008 1 P 0
L 0.2362992 1.7837008 0.2462992 1.7737008 1 P 0
L 0.2362992 1.7837008 0.2462992 1.7937008 1 P 0
L 0.2362992 1.7937008 0.2462992 1.7937008 1 P 0
L 0.47 0.175 0.47 0.215 1 P 0
L 0.47 0.175 0.51 0.175 1 P 0
L 0.47 0.215 0.51 0.215 1 P 0
L 0.47 0.37 0.47 0.41 1 P 0
L 0.47 0.37 0.51 0.37 1 P 0
L 0.47 0.41 0.51 0.41 1 P 0
L 0.47 0.565 0.47 0.605 1 P 0
L 0.47 0.565 0.51 0.565 1 P 0
L 0.47 0.605 0.51 0.605 1 P 0
L 0.478 0.183 0.478 0.207 1 P 0
L 0.478 0.183 0.502 0.183 1 P 0
L 0.478 0.207 0.502 0.207 1 P 0
L 0.478 0.378 0.478 0.402 1 P 0
L 0.478 0.378 0.502 0.378 1 P 0
L 0.478 0.402 0.502 0.402 1 P 0
L 0.478 0.573 0.478 0.597 1 P 0
L 0.478 0.573 0.502 0.573 1 P 0
L 0.478 0.597 0.502 0.597 1 P 0
L 0.502 0.183 0.502 0.207 1 P 0
L 0.502 0.378 0.502 0.402 1 P 0
L 0.502 0.573 0.502 0.597 1 P 0
L 0.51 0.175 0.51 0.215 1 P 0
L 0.51 0.37 0.51 0.41 1 P 0
L 0.51 0.565 0.51 0.605 1 P 0
L 0.9937008 1.1831496 1.0037008 1.1831496 1 P 0
L 0.9937008 1.1831496 1.0037008 1.1931496 1 P 0
L 0.9937008 1.2031496 1.0037008 1.1931496 1 P 0
L 0.9937008 1.2031496 1.0037008 1.2031496 1 P 0
L 0.9937008 1.5768504 1.0037008 1.5768504 1 P 0
L 0.9937008 1.5768504 1.0037008 1.5868504 1 P 0
L 0.9937008 1.5968504 1.0037008 1.5868504 1 P 0
L 0.9937008 1.5968504 1.0037008 1.5968504 1 P 0
L 1.0037008 1.1831496 1.0137008 1.1731496 1 P 0
L 1.0037008 1.2031496 1.0137008 1.2131496 1 P 0
L 1.0037008 1.5768504 1.0137008 1.5668504 1 P 0
L 1.0037008 1.5968504 1.0137008 1.6068504 1 P 0
L 1.0137008 1.1731496 1.0237008 1.1831496 1 P 0
L 1.0137008 1.2131496 1.0237008 1.2031496 1 P 0
L 1.0137008 1.5668504 1.0237008 1.5768504 1 P 0
L 1.0137008 1.6068504 1.0237008 1.5968504 1 P 0
L 1.0237008 1.1831496 1.0337008 1.1831496 1 P 0
L 1.0237008 1.1931496 1.0337008 1.1831496 1 P 0
L 1.0237008 1.1931496 1.0337008 1.2031496 1 P 0
L 1.0237008 1.2031496 1.0337008 1.2031496 1 P 0
L 1.0237008 1.5768504 1.0337008 1.5768504 1 P 0
L 1.0237008 1.5868504 1.0337008 1.5768504 1 P 0
L 1.0237008 1.5868504 1.0337008 1.5968504 1 P 0
L 1.0237008 1.5968504 1.0337008 1.5968504 1 P 0
L 1.75 1.11 1.75 1.15 1 P 0
L 1.75 1.11 1.79 1.11 1 P 0
L 1.75 1.15 1.79 1.15 1 P 0
L 1.79 1.11 1.79 1.15 1 P 0
L 1.85 1.11 1.85 1.15 1 P 0
L 1.85 1.11 1.89 1.11 1 P 0
L 1.85 1.15 1.89 1.15 1 P 0
L 1.89 1.11 1.89 1.15 1 P 0
L 1.95 1.11 1.95 1.15 1 P 0
L 1.95 1.11 1.99 1.11 1 P 0
L 1.95 1.15 1.99 1.15 1 P 0
L 1.99 1.11 1.99 1.15 1 P 0
L 2.235 0.535 2.255 0.495 1 P 0
L 2.235 0.535 2.275 0.535 1 P 0
L 2.235 0.635 2.255 0.595 1 P 0
L 2.235 0.635 2.275 0.635 1 P 0
L 2.235 0.735 2.255 0.695 1 P 0
L 2.235 0.735 2.275 0.735 1 P 0
L 2.235 0.835 2.255 0.795 1 P 0
L 2.235 0.835 2.275 0.835 1 P 0
L 2.235 0.935 2.255 0.895 1 P 0
L 2.235 0.935 2.275 0.935 1 P 0
L 2.235 1.035 2.255 0.995 1 P 0
L 2.235 1.035 2.275 1.035 1 P 0
L 2.235 1.135 2.255 1.095 1 P 0
L 2.235 1.135 2.275 1.135 1 P 0
L 2.235 1.235 2.255 1.195 1 P 0
L 2.235 1.235 2.275 1.235 1 P 0
L 2.235 1.335 2.255 1.295 1 P 0
L 2.235 1.335 2.275 1.335 1 P 0
L 2.235 1.435 2.255 1.395 1 P 0
L 2.235 1.435 2.275 1.435 1 P 0
L 2.235 1.535 2.255 1.495 1 P 0
L 2.235 1.535 2.275 1.535 1 P 0
L 2.235 1.635 2.255 1.595 1 P 0
L 2.235 1.635 2.275 1.635 1 P 0
L 2.235 1.735 2.255 1.695 1 P 0
L 2.235 1.735 2.275 1.735 1 P 0
L 2.235 1.835 2.255 1.795 1 P 0
L 2.235 1.835 2.275 1.835 1 P 0
L 2.235 1.935 2.255 1.895 1 P 0
L 2.235 1.935 2.275 1.935 1 P 0
L 2.255 0.495 2.275 0.535 1 P 0
L 2.255 0.595 2.275 0.635 1 P 0
L 2.255 0.695 2.275 0.735 1 P 0
L 2.255 0.795 2.275 0.835 1 P 0
L 2.255 0.895 2.275 0.935 1 P 0
L 2.255 0.995 2.275 1.035 1 P 0
L 2.255 1.095 2.275 1.135 1 P 0
L 2.255 1.195 2.275 1.235 1 P 0
L 2.255 1.295 2.275 1.335 1 P 0
L 2.255 1.395 2.275 1.435 1 P 0
L 2.255 1.495 2.275 1.535 1 P 0
L 2.255 1.595 2.275 1.635 1 P 0
L 2.255 1.695 2.275 1.735 1 P 0
L 2.255 1.795 2.275 1.835 1 P 0
L 2.255 1.895 2.275 1.935 1 P 0
L 3.135 0.535 3.155 0.495 1 P 0
L 3.135 0.535 3.175 0.535 1 P 0
L 3.135 0.635 3.155 0.595 1 P 0
L 3.135 0.635 3.175 0.635 1 P 0
L 3.135 0.735 3.155 0.695 1 P 0
L 3.135 0.735 3.175 0.735 1 P 0
L 3.135 0.835 3.155 0.795 1 P 0
L 3.135 0.835 3.175 0.835 1 P 0
L 3.135 0.935 3.155 0.895 1 P 0
L 3.135 0.935 3.175 0.935 1 P 0
L 3.135 1.035 3.155 0.995 1 P 0
L 3.135 1.035 3.175 1.035 1 P 0
L 3.135 1.135 3.155 1.095 1 P 0
L 3.135 1.135 3.175 1.135 1 P 0
L 3.135 1.235 3.155 1.195 1 P 0
L 3.135 1.235 3.175 1.235 1 P 0
L 3.135 1.335 3.155 1.295 1 P 0
L 3.135 1.335 3.175 1.335 1 P 0
L 3.135 1.435 3.155 1.395 1 P 0
L 3.135 1.435 3.175 1.435 1 P 0
L 3.135 1.535 3.155 1.495 1 P 0
L 3.135 1.535 3.175 1.535 1 P 0
L 3.135 1.635 3.155 1.595 1 P 0
L 3.135 1.635 3.175 1.635 1 P 0
L 3.135 1.735 3.155 1.695 1 P 0
L 3.135 1.735 3.175 1.735 1 P 0
L 3.135 1.835 3.155 1.795 1 P 0
L 3.135 1.835 3.175 1.835 1 P 0
L 3.135 1.935 3.155 1.895 1 P 0
L 3.135 1.935 3.175 1.935 1 P 0
L 3.155 0.495 3.175 0.535 1 P 0
L 3.155 0.595 3.175 0.635 1 P 0
L 3.155 0.695 3.175 0.735 1 P 0
L 3.155 0.795 3.175 0.835 1 P 0
L 3.155 0.895 3.175 0.935 1 P 0
L 3.155 0.995 3.175 1.035 1 P 0
L 3.155 1.095 3.175 1.135 1 P 0
L 3.155 1.195 3.175 1.235 1 P 0
L 3.155 1.295 3.175 1.335 1 P 0
L 3.155 1.395 3.175 1.435 1 P 0
L 3.155 1.495 3.175 1.535 1 P 0
L 3.155 1.595 3.175 1.635 1 P 0
L 3.155 1.695 3.175 1.735 1 P 0
L 3.155 1.795 3.175 1.835 1 P 0
L 3.155 1.895 3.175 1.935 1 P 0
L 3.5 1.38 3.52 1.36 1 P 0
L 3.5 1.38 3.52 1.4 1 P 0
L 3.5 1.65 3.52 1.63 1 P 0
L 3.5 1.65 3.52 1.67 1 P 0
L 3.52 1.36 3.54 1.38 1 P 0
L 3.52 1.4 3.54 1.38 1 P 0
L 3.52 1.63 3.54 1.65 1 P 0
L 3.52 1.67 3.54 1.65 1 P 0
L 3.6 0.1440945 3.6 0.1840945 1 P 0
L 3.6 0.1440945 3.64 0.1440945 1 P 0
L 3.6 0.1840945 3.64 0.1840945 1 P 0
L 3.6 0.5559055 3.6 0.5959055 1 P 0
L 3.6 0.5559055 3.64 0.5559055 1 P 0
L 3.6 0.5959055 3.64 0.5959055 1 P 0
L 3.608 0.1520945 3.608 0.1760945 1 P 0
L 3.608 0.1520945 3.632 0.1520945 1 P 0
L 3.608 0.1760945 3.632 0.1760945 1 P 0
L 3.608 0.5639055 3.608 0.5879055 1 P 0
L 3.608 0.5639055 3.632 0.5639055 1 P 0
L 3.608 0.5879055 3.632 0.5879055 1 P 0
L 3.61 1.6240945 3.61 1.6640945 1 P 0
L 3.61 1.6240945 3.65 1.6240945 1 P 0
L 3.61 1.6640945 3.65 1.6640945 1 P 0
L 3.61 2.0359055 3.61 2.0759055 1 P 0
L 3.61 2.0359055 3.65 2.0359055 1 P 0
L 3.61 2.0759055 3.65 2.0759055 1 P 0
L 3.618 1.6320945 3.618 1.6560945 1 P 0
L 3.618 1.6320945 3.642 1.6320945 1 P 0
L 3.618 1.6560945 3.642 1.6560945 1 P 0
L 3.618 2.0439055 3.618 2.0679055 1 P 0
L 3.618 2.0439055 3.642 2.0439055 1 P 0
L 3.618 2.0679055 3.642 2.0679055 1 P 0
L 3.632 0.1520945 3.632 0.1760945 1 P 0
L 3.632 0.5639055 3.632 0.5879055 1 P 0
L 3.64 0.1440945 3.64 0.1840945 1 P 0
L 3.64 0.5559055 3.64 0.5959055 1 P 0
L 3.642 1.6320945 3.642 1.6560945 1 P 0
L 3.642 2.0439055 3.642 2.0679055 1 P 0
L 3.65 1.6240945 3.65 1.6640945 1 P 0
L 3.65 2.0359055 3.65 2.0759055 1 P 0
L 3.81 1.83 3.83 1.79 1 P 0
L 3.81 1.83 3.85 1.83 1 P 0
L 3.81 1.93 3.83 1.89 1 P 0
L 3.81 1.93 3.85 1.93 1 P 0
L 3.818 1.822 3.83 1.798 1 P 0
L 3.818 1.822 3.842 1.822 1 P 0
L 3.818 1.922 3.83 1.898 1 P 0
L 3.818 1.922 3.842 1.922 1 P 0
L 3.82 0.34 3.84 0.3 1 P 0
L 3.82 0.34 3.86 0.34 1 P 0
L 3.82 0.44 3.84 0.4 1 P 0
L 3.82 0.44 3.86 0.44 1 P 0
L 3.828 0.332 3.84 0.308 1 P 0
L 3.828 0.332 3.852 0.332 1 P 0
L 3.828 0.432 3.84 0.408 1 P 0
L 3.828 0.432 3.852 0.432 1 P 0
L 3.83 1.79 3.85 1.83 1 P 0
L 3.83 1.798 3.842 1.822 1 P 0
L 3.83 1.89 3.85 1.93 1 P 0
L 3.83 1.898 3.842 1.922 1 P 0
L 3.84 0.3 3.86 0.34 1 P 0
L 3.84 0.308 3.852 0.332 1 P 0
L 3.84 0.4 3.86 0.44 1 P 0
L 3.84 0.408 3.852 0.432 1 P 0
L 3.89 1.32 3.9 1.32 1 P 0
L 3.89 1.32 3.9 1.33 1 P 0
L 3.89 1.34 3.9 1.33 1 P 0
L 3.89 1.34 3.9 1.34 1 P 0
L 3.898 1.324 3.904 1.324 1 P 0
L 3.898 1.324 3.904 1.33 1 P 0
L 3.898 1.336 3.904 1.33 1 P 0
L 3.898 1.336 3.904 1.336 1 P 0
L 3.9 1.32 3.91 1.31 1 P 0
L 3.9 1.34 3.91 1.35 1 P 0
L 3.904 1.324 3.91 1.318 1 P 0
L 3.904 1.336 3.91 1.342 1 P 0
L 3.91 0.67 3.93 0.65 1 P 0
L 3.91 0.67 3.93 0.69 1 P 0
L 3.91 1.31 3.92 1.32 1 P 0
L 3.91 1.318 3.916 1.324 1 P 0
L 3.91 1.342 3.916 1.336 1 P 0
L 3.91 1.35 3.92 1.34 1 P 0
L 3.916 1.324 3.922 1.324 1 P 0
L 3.916 1.33 3.922 1.324 1 P 0
L 3.916 1.33 3.922 1.336 1 P 0
L 3.916 1.336 3.922 1.336 1 P 0
L 3.92 1.03 3.93 1.03 1 P 0
L 3.92 1.03 3.93 1.04 1 P 0
L 3.92 1.05 3.93 1.04 1 P 0
L 3.92 1.05 3.93 1.05 1 P 0
L 3.92 1.32 3.93 1.32 1 P 0
L 3.92 1.33 3.93 1.32 1 P 0
L 3.92 1.33 3.93 1.34 1 P 0
L 3.92 1.34 3.93 1.34 1 P 0
L 3.928 1.034 3.934 1.034 1 P 0
L 3.928 1.034 3.934 1.04 1 P 0
L 3.928 1.046 3.934 1.04 1 P 0
L 3.928 1.046 3.934 1.046 1 P 0
L 3.93 0.65 3.95 0.67 1 P 0
L 3.93 0.69 3.95 0.67 1 P 0
L 3.93 1.03 3.94 1.02 1 P 0
L 3.93 1.05 3.94 1.06 1 P 0
L 3.934 1.034 3.94 1.028 1 P 0
L 3.934 1.046 3.94 1.052 1 P 0
L 3.94 1.02 3.95 1.03 1 P 0
L 3.94 1.028 3.946 1.034 1 P 0
L 3.94 1.052 3.946 1.046 1 P 0
L 3.94 1.06 3.95 1.05 1 P 0
L 3.946 1.034 3.952 1.034 1 P 0
L 3.946 1.04 3.952 1.034 1 P 0
L 3.946 1.04 3.952 1.046 1 P 0
L 3.946 1.046 3.952 1.046 1 P 0
L 3.95 1.03 3.96 1.03 1 P 0
L 3.95 1.04 3.96 1.03 1 P 0
L 3.95 1.04 3.96 1.05 1 P 0
L 3.95 1.05 3.96 1.05 1 P 0
L 3.99 1.32 4 1.32 1 P 0
L 3.99 1.32 4 1.33 1 P 0
L 3.99 1.34 4 1.33 1 P 0
L 3.99 1.34 4 1.34 1 P 0
L 3.998 1.324 4.004 1.324 1 P 0
L 3.998 1.324 4.004 1.33 1 P 0
L 3.998 1.336 4.004 1.33 1 P 0
L 3.998 1.336 4.004 1.336 1 P 0
L 4 1.32 4.01 1.31 1 P 0
L 4 1.34 4.01 1.35 1 P 0
L 4.004 1.324 4.01 1.318 1 P 0
L 4.004 1.336 4.01 1.342 1 P 0
L 4.01 1.31 4.02 1.32 1 P 0
L 4.01 1.318 4.016 1.324 1 P 0
L 4.01 1.342 4.016 1.336 1 P 0
L 4.01 1.35 4.02 1.34 1 P 0
L 4.016 1.324 4.022 1.324 1 P 0
L 4.016 1.33 4.022 1.324 1 P 0
L 4.016 1.33 4.022 1.336 1 P 0
L 4.016 1.336 4.022 1.336 1 P 0
L 4.02 1.03 4.03 1.03 1 P 0
L 4.02 1.03 4.03 1.04 1 P 0
L 4.02 1.05 4.03 1.04 1 P 0
L 4.02 1.05 4.03 1.05 1 P 0
L 4.02 1.32 4.03 1.32 1 P 0
L 4.02 1.33 4.03 1.32 1 P 0
L 4.02 1.33 4.03 1.34 1 P 0
L 4.02 1.34 4.03 1.34 1 P 0
L 4.028 1.034 4.034 1.034 1 P 0
L 4.028 1.034 4.034 1.04 1 P 0
L 4.028 1.046 4.034 1.04 1 P 0
L 4.028 1.046 4.034 1.046 1 P 0
L 4.03 1.03 4.04 1.02 1 P 0
L 4.03 1.05 4.04 1.06 1 P 0
L 4.034 1.034 4.04 1.028 1 P 0
L 4.034 1.046 4.04 1.052 1 P 0
L 4.04 1.02 4.05 1.03 1 P 0
L 4.04 1.028 4.046 1.034 1 P 0
L 4.04 1.052 4.046 1.046 1 P 0
L 4.04 1.06 4.05 1.05 1 P 0
L 4.046 1.034 4.052 1.034 1 P 0
L 4.046 1.04 4.052 1.034 1 P 0
L 4.046 1.04 4.052 1.046 1 P 0
L 4.046 1.046 4.052 1.046 1 P 0
L 4.05 1.03 4.06 1.03 1 P 0
L 4.05 1.04 4.06 1.03 1 P 0
L 4.05 1.04 4.06 1.05 1 P 0
L 4.05 1.05 4.06 1.05 1 P 0
L 4.09 1.32 4.1 1.32 1 P 0
L 4.09 1.32 4.1 1.33 1 P 0
L 4.09 1.34 4.1 1.33 1 P 0
L 4.09 1.34 4.1 1.34 1 P 0
L 4.098 1.324 4.104 1.324 1 P 0
L 4.098 1.324 4.104 1.33 1 P 0
L 4.098 1.336 4.104 1.33 1 P 0
L 4.098 1.336 4.104 1.336 1 P 0
L 4.1 1.32 4.11 1.31 1 P 0
L 4.1 1.34 4.11 1.35 1 P 0
L 4.104 1.324 4.11 1.318 1 P 0
L 4.104 1.336 4.11 1.342 1 P 0
L 4.11 1.31 4.12 1.32 1 P 0
L 4.11 1.318 4.116 1.324 1 P 0
L 4.11 1.342 4.116 1.336 1 P 0
L 4.11 1.35 4.12 1.34 1 P 0
L 4.116 1.324 4.122 1.324 1 P 0
L 4.116 1.33 4.122 1.324 1 P 0
L 4.116 1.33 4.122 1.336 1 P 0
L 4.116 1.336 4.122 1.336 1 P 0
L 4.12 1.03 4.13 1.03 1 P 0
L 4.12 1.03 4.13 1.04 1 P 0
L 4.12 1.05 4.13 1.04 1 P 0
L 4.12 1.05 4.13 1.05 1 P 0
L 4.12 1.32 4.13 1.32 1 P 0
L 4.12 1.33 4.13 1.32 1 P 0
L 4.12 1.33 4.13 1.34 1 P 0
L 4.12 1.34 4.13 1.34 1 P 0
L 4.128 1.034 4.134 1.034 1 P 0
L 4.128 1.034 4.134 1.04 1 P 0
L 4.128 1.046 4.134 1.04 1 P 0
L 4.128 1.046 4.134 1.046 1 P 0
L 4.13 1.03 4.14 1.02 1 P 0
L 4.13 1.05 4.14 1.06 1 P 0
L 4.134 1.034 4.14 1.028 1 P 0
L 4.134 1.046 4.14 1.052 1 P 0
L 4.14 1.02 4.15 1.03 1 P 0
L 4.14 1.028 4.146 1.034 1 P 0
L 4.14 1.052 4.146 1.046 1 P 0
L 4.14 1.06 4.15 1.05 1 P 0
L 4.146 1.034 4.152 1.034 1 P 0
L 4.146 1.04 4.152 1.034 1 P 0
L 4.146 1.04 4.152 1.046 1 P 0
L 4.146 1.046 4.152 1.046 1 P 0
L 4.15 1.03 4.16 1.03 1 P 0
L 4.15 1.04 4.16 1.03 1 P 0
L 4.15 1.04 4.16 1.05 1 P 0
L 4.15 1.05 4.16 1.05 1 P 0
L 4.21 0.67 4.23 0.65 1 P 0
L 4.21 0.67 4.23 0.69 1 P 0
L 4.23 0.65 4.25 0.67 1 P 0
L 4.23 0.69 4.25 0.67 1 P 0
L 4.3611024 0.425 4.3611024 0.445 1 P 0
L 4.3611024 0.425 4.3711024 0.425 1 P 0
L 4.3611024 0.445 4.3711024 0.445 1 P 0
L 4.3611024 1.795 4.3611024 1.815 1 P 0
L 4.3611024 1.795 4.3711024 1.795 1 P 0
L 4.3611024 1.815 4.3711024 1.815 1 P 0
L 4.3711024 0.415 4.3711024 0.425 1 P 0
L 4.3711024 0.415 4.3911024 0.415 1 P 0
L 4.3711024 0.445 4.3711024 0.455 1 P 0
L 4.3711024 0.455 4.3911024 0.455 1 P 0
L 4.3711024 1.785 4.3711024 1.795 1 P 0
L 4.3711024 1.785 4.3911024 1.785 1 P 0
L 4.3711024 1.815 4.3711024 1.825 1 P 0
L 4.3711024 1.825 4.3911024 1.825 1 P 0
L 4.3911024 0.415 4.3911024 0.425 1 P 0
L 4.3911024 0.425 4.4011024 0.425 1 P 0
L 4.3911024 0.445 4.3911024 0.455 1 P 0
L 4.3911024 0.445 4.4011024 0.445 1 P 0
L 4.3911024 1.785 4.3911024 1.795 1 P 0
L 4.3911024 1.795 4.4011024 1.795 1 P 0
L 4.3911024 1.815 4.3911024 1.825 1 P 0
L 4.3911024 1.815 4.4011024 1.815 1 P 0
L 4.4011024 0.425 4.4011024 0.445 1 P 0
L 4.4011024 1.795 4.4011024 1.815 1 P 0
L 4.4398425 0.1787795 4.4498425 0.1987795 1 P 0
L 4.4398425 0.1787795 4.4598425 0.1887795 1 P 0
L 4.4398425 0.2187795 4.4498425 0.1987795 1 P 0
L 4.4398425 0.2187795 4.4598425 0.2087795 1 P 0
L 4.4398425 0.6512205 4.4498425 0.6712205 1 P 0
L 4.4398425 0.6512205 4.4598425 0.6612205 1 P 0
L 4.4398425 0.6912205 4.4498425 0.6712205 1 P 0
L 4.4398425 0.6912205 4.4598425 0.6812205 1 P 0
L 4.4398425 1.5487795 4.4498425 1.5687795 1 P 0
L 4.4398425 1.5487795 4.4598425 1.5587795 1 P 0
L 4.4398425 1.5887795 4.4498425 1.5687795 1 P 0
L 4.4398425 1.5887795 4.4598425 1.5787795 1 P 0
L 4.4398425 2.0212205 4.4498425 2.0412205 1 P 0
L 4.4398425 2.0212205 4.4598425 2.0312205 1 P 0
L 4.4398425 2.0612205 4.4498425 2.0412205 1 P 0
L 4.4398425 2.0612205 4.4598425 2.0512205 1 P 0
L 4.44 1.685 4.46 1.665 1 P 0
L 4.44 1.685 4.46 1.705 1 P 0
L 4.44 1.94 4.46 1.92 1 P 0
L 4.44 1.94 4.46 1.96 1 P 0
L 4.4598425 0.1887795 4.4798425 0.1787795 1 P 0
L 4.4598425 0.2087795 4.4798425 0.2187795 1 P 0
L 4.4598425 0.6612205 4.4798425 0.6512205 1 P 0
L 4.4598425 0.6812205 4.4798425 0.6912205 1 P 0
L 4.4598425 1.5587795 4.4798425 1.5487795 1 P 0
L 4.4598425 1.5787795 4.4798425 1.5887795 1 P 0
L 4.4598425 2.0312205 4.4798425 2.0212205 1 P 0
L 4.4598425 2.0512205 4.4798425 2.0612205 1 P 0
L 4.46 1.665 4.48 1.685 1 P 0
L 4.46 1.705 4.48 1.685 1 P 0
L 4.46 1.92 4.48 1.94 1 P 0
L 4.46 1.96 4.48 1.94 1 P 0
L 4.4698425 0.1987795 4.4798425 0.1787795 1 P 0
L 4.4698425 0.1987795 4.4798425 0.2187795 1 P 0
L 4.4698425 0.6712205 4.4798425 0.6512205 1 P 0
L 4.4698425 0.6712205 4.4798425 0.6912205 1 P 0
L 4.4698425 1.5687795 4.4798425 1.5487795 1 P 0
L 4.4698425 1.5687795 4.4798425 1.5887795 1 P 0
L 4.4698425 2.0412205 4.4798425 2.0212205 1 P 0
L 4.4698425 2.0412205 4.4798425 2.0612205 1 P 0
L 4.9201575 0.1787795 4.9301575 0.1987795 1 P 0
L 4.9201575 0.1787795 4.9401575 0.1887795 1 P 0
L 4.9201575 0.2187795 4.9301575 0.1987795 1 P 0
L 4.9201575 0.2187795 4.9401575 0.2087795 1 P 0
L 4.9201575 0.6512205 4.9301575 0.6712205 1 P 0
L 4.9201575 0.6512205 4.9401575 0.6612205 1 P 0
L 4.9201575 0.6912205 4.9301575 0.6712205 1 P 0
L 4.9201575 0.6912205 4.9401575 0.6812205 1 P 0
L 4.9201575 1.5487795 4.9301575 1.5687795 1 P 0
L 4.9201575 1.5487795 4.9401575 1.5587795 1 P 0
L 4.9201575 1.5887795 4.9301575 1.5687795 1 P 0
L 4.9201575 1.5887795 4.9401575 1.5787795 1 P 0
L 4.9201575 2.0212205 4.9301575 2.0412205 1 P 0
L 4.9201575 2.0212205 4.9401575 2.0312205 1 P 0
L 4.9201575 2.0612205 4.9301575 2.0412205 1 P 0
L 4.9201575 2.0612205 4.9401575 2.0512205 1 P 0
L 4.9401575 0.1887795 4.9601575 0.1787795 1 P 0
L 4.9401575 0.2087795 4.9601575 0.2187795 1 P 0
L 4.9401575 0.6612205 4.9601575 0.6512205 1 P 0
L 4.9401575 0.6812205 4.9601575 0.6912205 1 P 0
L 4.9401575 1.5587795 4.9601575 1.5487795 1 P 0
L 4.9401575 1.5787795 4.9601575 1.5887795 1 P 0
L 4.9401575 2.0312205 4.9601575 2.0212205 1 P 0
L 4.9401575 2.0512205 4.9601575 2.0612205 1 P 0
L 4.9501575 0.1987795 4.9601575 0.1787795 1 P 0
L 4.9501575 0.1987795 4.9601575 0.2187795 1 P 0
L 4.9501575 0.6712205 4.9601575 0.6512205 1 P 0
L 4.9501575 0.6712205 4.9601575 0.6912205 1 P 0
L 4.9501575 1.5687795 4.9601575 1.5487795 1 P 0
L 4.9501575 1.5687795 4.9601575 1.5887795 1 P 0
L 4.9501575 2.0412205 4.9601575 2.0212205 1 P 0
L 4.9501575 2.0412205 4.9601575 2.0612205 1 P 0
L 5.3 0.21 5.3 0.25 1 P 0
L 5.3 0.21 5.34 0.21 1 P 0
L 5.3 0.25 5.34 0.25 1 P 0
L 5.3 0.405 5.3 0.445 1 P 0
L 5.3 0.405 5.34 0.405 1 P 0
L 5.3 0.445 5.34 0.445 1 P 0
L 5.3 0.6 5.3 0.64 1 P 0
L 5.3 0.6 5.34 0.6 1 P 0
L 5.3 0.64 5.34 0.64 1 P 0
L 5.3 1.6 5.3 1.64 1 P 0
L 5.3 1.6 5.34 1.6 1 P 0
L 5.3 1.64 5.34 1.64 1 P 0
L 5.3 1.795 5.3 1.835 1 P 0
L 5.3 1.795 5.34 1.795 1 P 0
L 5.3 1.835 5.34 1.835 1 P 0
L 5.3 1.99 5.3 2.03 1 P 0
L 5.3 1.99 5.34 1.99 1 P 0
L 5.3 2.03 5.34 2.03 1 P 0
L 5.308 0.218 5.308 0.242 1 P 0
L 5.308 0.218 5.332 0.218 1 P 0
L 5.308 0.242 5.332 0.242 1 P 0
L 5.308 0.413 5.308 0.437 1 P 0
L 5.308 0.413 5.332 0.413 1 P 0
L 5.308 0.437 5.332 0.437 1 P 0
L 5.308 0.608 5.308 0.632 1 P 0
L 5.308 0.608 5.332 0.608 1 P 0
L 5.308 0.632 5.332 0.632 1 P 0
L 5.308 1.608 5.308 1.632 1 P 0
L 5.308 1.608 5.332 1.608 1 P 0
L 5.308 1.632 5.332 1.632 1 P 0
L 5.308 1.803 5.308 1.827 1 P 0
L 5.308 1.803 5.332 1.803 1 P 0
L 5.308 1.827 5.332 1.827 1 P 0
L 5.308 1.998 5.308 2.022 1 P 0
L 5.308 1.998 5.332 1.998 1 P 0
L 5.308 2.022 5.332 2.022 1 P 0
L 5.332 0.218 5.332 0.242 1 P 0
L 5.332 0.413 5.332 0.437 1 P 0
L 5.332 0.608 5.332 0.632 1 P 0
L 5.332 1.608 5.332 1.632 1 P 0
L 5.332 1.803 5.332 1.827 1 P 0
L 5.332 1.998 5.332 2.022 1 P 0
L 5.34 0.21 5.34 0.25 1 P 0
L 5.34 0.405 5.34 0.445 1 P 0
L 5.34 0.6 5.34 0.64 1 P 0
L 5.34 1.6 5.34 1.64 1 P 0
L 5.34 1.795 5.34 1.835 1 P 0
L 5.34 1.99 5.34 2.03 1 P 0
