#Layer_Color=255
#
#Feature symbol names
#
$0 r5

#
#Feature attribute names
#

#
#Layer features
#
L 0.2007087 0.9962992 0.2518897 0.9962992 0 P 0
L 0.2007087 1.7837008 0.2518897 1.7837008 0 P 0
L 0.2262992 0.9707087 0.2262992 1.0218897 0 P 0
L 0.2262992 1.7581103 0.2262992 1.8092913 0 P 0
L 0.466378 0.195 0.513622 0.195 0 P 0
L 0.466378 0.39 0.513622 0.39 0 P 0
L 0.466378 0.585 0.513622 0.585 0 P 0
L 0.49 0.171378 0.49 0.218622 0 P 0
L 0.49 0.366378 0.49 0.413622 0 P 0
L 0.49 0.561378 0.49 0.608622 0 P 0
L 0.9881103 1.1931496 1.0392913 1.1931496 0 P 0
L 0.9881103 1.5868504 1.0392913 1.5868504 0 P 0
L 1.0137008 1.1675591 1.0137008 1.2187401 0 P 0
L 1.0137008 1.5612599 1.0137008 1.6124409 0 P 0
L 1.75 1.13 1.79 1.13 0 P 0
L 1.77 1.11 1.77 1.15 0 P 0
L 1.85 1.13 1.89 1.13 0 P 0
L 1.87 1.11 1.87 1.15 0 P 0
L 1.95 1.13 1.99 1.13 0 P 0
L 1.97 1.11 1.97 1.15 0 P 0
L 2.2375 0.515 2.2725 0.515 0 P 0
L 2.2375 0.615 2.2725 0.615 0 P 0
L 2.2375 0.715 2.2725 0.715 0 P 0
L 2.2375 0.815 2.2725 0.815 0 P 0
L 2.2375 0.915 2.2725 0.915 0 P 0
L 2.2375 1.015 2.2725 1.015 0 P 0
L 2.2375 1.115 2.2725 1.115 0 P 0
L 2.2375 1.215 2.2725 1.215 0 P 0
L 2.2375 1.315 2.2725 1.315 0 P 0
L 2.2375 1.415 2.2725 1.415 0 P 0
L 2.2375 1.515 2.2725 1.515 0 P 0
L 2.2375 1.615 2.2725 1.615 0 P 0
L 2.2375 1.715 2.2725 1.715 0 P 0
L 2.2375 1.815 2.2725 1.815 0 P 0
L 2.2375 1.915 2.2725 1.915 0 P 0
L 2.2420079 0.365 2.3679921 0.365 0 P 0
L 2.2420079 2.065 2.3679921 2.065 0 P 0
L 2.255 0.4975 2.255 0.5325 0 P 0
L 2.255 0.5975 2.255 0.6325 0 P 0
L 2.255 0.6975 2.255 0.7325 0 P 0
L 2.255 0.7975 2.255 0.8325 0 P 0
L 2.255 0.8975 2.255 0.9325 0 P 0
L 2.255 0.9975 2.255 1.0325 0 P 0
L 2.255 1.0975 2.255 1.1325 0 P 0
L 2.255 1.1975 2.255 1.2325 0 P 0
L 2.255 1.2975 2.255 1.3325 0 P 0
L 2.255 1.3975 2.255 1.4325 0 P 0
L 2.255 1.4975 2.255 1.5325 0 P 0
L 2.255 1.5975 2.255 1.6325 0 P 0
L 2.255 1.6975 2.255 1.7325 0 P 0
L 2.255 1.7975 2.255 1.8325 0 P 0
L 2.255 1.8975 2.255 1.9325 0 P 0
L 2.305 0.3020079 2.305 0.4279921 0 P 0
L 2.305 2.0020079 2.305 2.1279921 0 P 0
L 3.0420079 0.365 3.1679921 0.365 0 P 0
L 3.0420079 2.065 3.1679921 2.065 0 P 0
L 3.105 0.3020079 3.105 0.4279921 0 P 0
L 3.105 2.0020079 3.105 2.1279921 0 P 0
L 3.1375 0.515 3.1725 0.515 0 P 0
L 3.1375 0.615 3.1725 0.615 0 P 0
L 3.1375 0.715 3.1725 0.715 0 P 0
L 3.1375 0.815 3.1725 0.815 0 P 0
L 3.1375 0.915 3.1725 0.915 0 P 0
L 3.1375 1.015 3.1725 1.015 0 P 0
L 3.1375 1.115 3.1725 1.115 0 P 0
L 3.1375 1.215 3.1725 1.215 0 P 0
L 3.1375 1.315 3.1725 1.315 0 P 0
L 3.1375 1.415 3.1725 1.415 0 P 0
L 3.1375 1.515 3.1725 1.515 0 P 0
L 3.1375 1.615 3.1725 1.615 0 P 0
L 3.1375 1.715 3.1725 1.715 0 P 0
L 3.1375 1.815 3.1725 1.815 0 P 0
L 3.1375 1.915 3.1725 1.915 0 P 0
L 3.155 0.4975 3.155 0.5325 0 P 0
L 3.155 0.5975 3.155 0.6325 0 P 0
L 3.155 0.6975 3.155 0.7325 0 P 0
L 3.155 0.7975 3.155 0.8325 0 P 0
L 3.155 0.8975 3.155 0.9325 0 P 0
L 3.155 0.9975 3.155 1.0325 0 P 0
L 3.155 1.0975 3.155 1.1325 0 P 0
L 3.155 1.1975 3.155 1.2325 0 P 0
L 3.155 1.2975 3.155 1.3325 0 P 0
L 3.155 1.3975 3.155 1.4325 0 P 0
L 3.155 1.4975 3.155 1.5325 0 P 0
L 3.155 1.5975 3.155 1.6325 0 P 0
L 3.155 1.6975 3.155 1.7325 0 P 0
L 3.155 1.7975 3.155 1.8325 0 P 0
L 3.155 1.8975 3.155 1.9325 0 P 0
L 3.3952362 1.6531496 3.4247638 1.6531496 0 P 0
L 3.3952362 2.0468504 3.4247638 2.0468504 0 P 0
L 3.41 1.6383858 3.41 1.6679134 0 P 0
L 3.41 2.0320866 3.41 2.0616142 0 P 0
L 3.4552362 0.6831496 3.4847638 0.6831496 0 P 0
L 3.4552362 1.0768504 3.4847638 1.0768504 0 P 0
L 3.47 0.6683858 3.47 0.6979134 0 P 0
L 3.47 1.0620866 3.47 1.0916142 0 P 0
L 3.51 1.38 3.53 1.38 0 P 0
L 3.51 1.65 3.53 1.65 0 P 0
L 3.52 1.37 3.52 1.39 0 P 0
L 3.52 1.64 3.52 1.66 0 P 0
L 3.596378 0.1640945 3.643622 0.1640945 0 P 0
L 3.596378 0.5759055 3.643622 0.5759055 0 P 0
L 3.606378 1.6440945 3.653622 1.6440945 0 P 0
L 3.606378 2.0559055 3.653622 2.0559055 0 P 0
L 3.6083858 0.74 3.6379134 0.74 0 P 0
L 3.62 0.1404725 3.62 0.1877165 0 P 0
L 3.62 0.5522835 3.62 0.5995275 0 P 0
L 3.6231496 0.7252362 3.6231496 0.7547638 0 P 0
L 3.63 1.6204725 3.63 1.6677165 0 P 0
L 3.63 2.0322835 3.63 2.0795275 0 P 0
L 3.8083858 2.05 3.8379134 2.05 0 P 0
L 3.814252 1.81 3.845748 1.81 0 P 0
L 3.814252 1.91 3.845748 1.91 0 P 0
L 3.8231496 2.0352362 3.8231496 2.0647638 0 P 0
L 3.824252 0.32 3.855748 0.32 0 P 0
L 3.824252 0.42 3.855748 0.42 0 P 0
L 3.83 1.794252 3.83 1.825748 0 P 0
L 3.83 1.894252 3.83 1.925748 0 P 0
L 3.84 0.304252 3.84 0.335748 0 P 0
L 3.84 0.404252 3.84 0.435748 0 P 0
L 3.894 1.33 3.926 1.33 0 P 0
L 3.91 1.314 3.91 1.346 0 P 0
L 3.92 0.67 3.94 0.67 0 P 0
L 3.924 1.04 3.956 1.04 0 P 0
L 3.93 0.66 3.93 0.68 0 P 0
L 3.94 1.024 3.94 1.056 0 P 0
L 3.994 1.33 4.026 1.33 0 P 0
L 4.0020866 0.74 4.0316142 0.74 0 P 0
L 4.01 1.314 4.01 1.346 0 P 0
L 4.0168504 0.7252362 4.0168504 0.7547638 0 P 0
L 4.024 1.04 4.056 1.04 0 P 0
L 4.04 1.024 4.04 1.056 0 P 0
L 4.094 1.33 4.126 1.33 0 P 0
L 4.11 1.314 4.11 1.346 0 P 0
L 4.124 1.04 4.156 1.04 0 P 0
L 4.14 1.024 4.14 1.056 0 P 0
L 4.2020866 2.05 4.2316142 2.05 0 P 0
L 4.2168504 2.0352362 4.2168504 2.0647638 0 P 0
L 4.22 0.67 4.24 0.67 0 P 0
L 4.23 0.66 4.23 0.68 0 P 0
L 4.3557087 0.435 4.4064961 0.435 0 P 0
L 4.3557087 1.805 4.4064961 1.805 0 P 0
L 4.3811024 0.4096063 4.3811024 0.4603937 0 P 0
L 4.3811024 1.7796063 4.3811024 1.8303937 0 P 0
L 4.4338583 0.1987795 4.4858267 0.1987795 0 P 0
L 4.4338583 0.6712205 4.4858267 0.6712205 0 P 0
L 4.4338583 1.5687795 4.4858267 1.5687795 0 P 0
L 4.4338583 2.0412205 4.4858267 2.0412205 0 P 0
L 4.45 1.685 4.47 1.685 0 P 0
L 4.45 1.94 4.47 1.94 0 P 0
L 4.4598425 0.1727953 4.4598425 0.2247637 0 P 0
L 4.4598425 0.6452363 4.4598425 0.6972047 0 P 0
L 4.4598425 1.5427953 4.4598425 1.5947637 0 P 0
L 4.4598425 2.0152363 4.4598425 2.0672047 0 P 0
L 4.46 1.675 4.46 1.695 0 P 0
L 4.46 1.93 4.46 1.95 0 P 0
L 4.9141733 0.1987795 4.9661417 0.1987795 0 P 0
L 4.9141733 0.6712205 4.9661417 0.6712205 0 P 0
L 4.9141733 1.5687795 4.9661417 1.5687795 0 P 0
L 4.9141733 2.0412205 4.9661417 2.0412205 0 P 0
L 4.9401575 0.1727953 4.9401575 0.2247637 0 P 0
L 4.9401575 0.6452363 4.9401575 0.6972047 0 P 0
L 4.9401575 1.5427953 4.9401575 1.5947637 0 P 0
L 4.9401575 2.0152363 4.9401575 2.0672047 0 P 0
L 5.296378 0.23 5.343622 0.23 0 P 0
L 5.296378 0.425 5.343622 0.425 0 P 0
L 5.296378 0.62 5.343622 0.62 0 P 0
L 5.296378 1.62 5.343622 1.62 0 P 0
L 5.296378 1.815 5.343622 1.815 0 P 0
L 5.296378 2.01 5.343622 2.01 0 P 0
L 5.32 0.206378 5.32 0.253622 0 P 0
L 5.32 0.401378 5.32 0.448622 0 P 0
L 5.32 0.596378 5.32 0.643622 0 P 0
L 5.32 1.596378 5.32 1.643622 0 P 0
L 5.32 1.791378 5.32 1.838622 0 P 0
L 5.32 1.986378 5.32 2.033622 0 P 0
